# 1510.05223
#ID Deposited Energy (TeV)  Time (MJD)     Declination (deg.)  RA (deg.)  Med. Ang. Resolution (deg.)  Topology
  1   47.6   -5.4   +6.5   55351.3222143   -1.8                35.2      16.3                         Shower
  2  117.0  -14.6  +15.4   55351.4659661  -28.0               282.6      25.4                         Shower
  3   78.7   -8.7  +10.8   55451.0707482  -31.2               127.9      1.4                          Track
  4  165.4  -14.9  +19.8   55477.3930984  -51.2               169.5       7.1                         Shower
  5   71.4   -9.0   +9.0   55512.5516311   -0.4               110.6      1.2                          Track
  6   28.4   -2.5   +2.7   55567.6388127  -27.2               133.9       9.8                         Shower
  7   34.3   -4.3   +3.5   55571.2585362  -45.1                15.6      24.1                         Shower
  8   32.6  -11.1  +10.3   55608.8201315  -21.2               182.4      1.3                          Track
  9   63.2   -8.0   +7.1   55685.6629713   33.6               151.3      16.5                         Shower
 10   97.2  -12.4  +10.4   55695.2730461  -29.4                 5.0       8.1                         Shower
 11   88.4  -10.7  +12.5   55714.5909345   -8.9               155.3      16.7                         Shower
 12  104.1  -13.2  +12.5   55739.4411232  -52.8               296.1       9.8                         Shower
 13  252.7  -21.6  +25.9   55756.1129844   40.3                67.9      1.2                          Track
 14 1040.7 -144.4 +131.6   55782.5161911  -27.9               265.6      13.2                         Shower
 15   57.5   -7.8   +8.3   55783.1854223  -49.7               287.3      19.7                         Shower
 16   30.6   -3.5   +3.6   55798.6271285  -22.6               192.1      19.4                         Shower
 17  199.7  -26.8  +27.2   55800.3755483   14.5               247.4      11.6                         Shower
 18   31.5   -3.3   +4.6   55923.5318204  -24.8               345.6      1.3                          Track
 19   71.5   -7.2   +7.0   55925.7958619  -59.7                76.9       9.7                         Shower
 20 1140.8 -132.8 +142.8   55929.3986279  -67.2                38.3      10.7                         Shower
 21   30.2   -3.3   +3.5   55936.5416484  -24.0                 9.0      20.9                         Shower
 22  219.5  -24.4  +21.2   55941.9757813  -22.1               293.7      12.1                         Shower
 23   82.2   -8.4   +8.6   55949.5693228  -13.2               208.7      1.9                          Track
 24   30.5   -2.6   +3.2   55950.8474912  -15.1               282.2      15.5                         Shower
 25   33.5   -5.0   +4.9   55966.7422488  -14.5               286.0      46.3                         Shower
 26  210.0  -25.8  +29.0   55979.2551750   22.7               143.4      11.8                         Shower
 27   60.2   -5.6   +5.6   56008.6845644  -12.6               121.7       6.6                         Shower
 28   46.1   -4.4   +5.7   56048.5704209  -71.5               164.8      1.3                          Track
 29   32.7   -2.9   +3.2   56108.2572046   41.0               298.1       7.4                         Shower
 30  128.7  -12.5  +13.8   56115.7283574  -82.7               103.2       8.0                         Shower
 31   42.5   -5.7   +5.4   56176.3914143   78.3               146.1      26.0                         Shower
 32      0      0      0   56211.7401231      0                   0         0                         Coincident
 33  384.7  -48.6  +46.4   56221.3424023    7.8               292.5      13.5                         Shower
 34   42.1   -6.3   +6.5   56228.6055226   31.3               323.4      42.7                         Shower
 35 2003.7 -261.5 +236.2   56265.1338677  -55.8               208.4      15.9                         Shower
 36   28.9   -2.6   +3.0   56308.1642740   -3.0               257.7      11.7                         Shower
 37   30.8   -3.5   +3.3   56390.1887627   20.7               167.3      1.2                          Track
 38  200.5  -16.4  +16.4   56470.1103795   14.0                93.3      1.2                          Track
 39  101.3  -11.6  +13.3   56480.6617877  -17.9               106.2      14.2                         Shower
 40  157.3  -16.7  +15.9   56501.1641008  -48.5               143.9      11.7                         Shower
 41   87.6  -10.0   +8.4   56603.1116854    3.3                66.1      11.1                         Shower
 42   76.3  -11.6  +10.3   56613.2566890  -25.3                42.5      20.7                         Shower
 43   46.5   -4.5   +5.9   56628.5688531  -22.0               206.6      1.3                          Track
 44   84.6   -7.9   +7.4   56671.8778763    0.0               336.7      1.2                          Track
 45  429.9  -49.1  +57.4   56679.2044683  -86.3               219.0      1.2                          Track
 46  158.0  -16.6  +15.3   56688.0702948  -22.3               150.5       7.6                         Shower
 47   74.3   -7.2   +8.3   56704.6001074   67.4               209.4      1.2                          Track
 48  104.7  -10.2  +13.5   56705.9419933  -33.2               213.0       8.1                         Shower
 49   59.9   -7.9   +8.3   56722.4083554  -26.3               203.2      21.8                         Shower
 50   22.2   -2.0   +2.3   56737.2004652   59.3               168.6       8.2                         Shower
 51   66.2   -6.1   +6.7   56759.2159560   54.0                88.6       6.5                         Shower
 52  158.1  -18.4  +16.3   56763.5448147  -54.0               252.8       7.8                         Shower
 53   27.6   -2.2   +2.6   56767.0663034  -37.7               239.0      1.2                          Track
 54   54.5   -6.3   +5.1   56769.0295975    6.0               170.5      11.6                         Shower
